803225858
1247659876
289956422
1612439058
1724561320
154591300
110272903
359129688
281554858
2760597242
3363989167
1803142099
4011230146
129129542
51362680
1753533600
199459522
45782175
531133415
294386487
1306365571
2036314444
3841548420
5722126428
7622888860
3327026980
875306617
489927259
2368711859
1495265343
5441297769
3127755702
2736966319
813950104
2500028244
1501876483
648656850
2308082414
115746318
2202063520
3669512782
54179416
1551
402760635
2605562685
2726537035
2368211746
4868543686
1113358819
435872485
1363588408
5437642656
800047520
587467887
7678853056
212370471
1592558433
688990985
2294583799
857748621
1398647595
4613673325
2208276904
4810849119
8875640015
1178475939
116021821
676287720
2212916897
3507076874
525436804
1448375278
1228423158
294299023
2956568514
2208988513
1479250756
860999784
1119454973
73945500
2229966763
2044209732
2727123586
910433228
2037501377
883551342
1261547391
464843844
1627246914
7618946589
102046414
2404982526
4096202803
1613282577
8180072261
2588261187
2924154620
127224
2322713116
